eval_loss = 0.8218940984085202
mcc = 0.8100843446189251
